{
    "力量": {
        "start_Mean": 30.20689655172414,
        "start_SD": 4.021187727390535,
        "start_Median": 30.0,
        "start_25th": 28.0,
        "start_75th": 33.0,
        "end_Mean": 31.344827586206897,
        "end_SD": 4.973327874550727,
        "end_Median": 31.0,
        "end_25th": 28.0,
        "end_75th": 34.0,
        "U-statistic": -2.013114894621608,
        "p-value": 0.053806861647040904,
        "Trend": "(-)轻微显著 增大, 均值增大"
    },
    "sumscore": {
        "start_Mean": 90.17241379310344,
        "start_SD": 14.007826805848941,
        "start_Median": 90.0,
        "start_25th": 81.0,
        "start_75th": 99.0,
        "end_Mean": 93.6896551724138,
        "end_SD": 16.848279794082966,
        "end_Median": 91.0,
        "end_25th": 80.0,
        "end_75th": 104.0,
        "U-statistic": -2.0194202305579845,
        "p-value": 0.05310855522389734,
        "Trend": "(-)轻微显著 增大, 均值增大"
    },
    "坚韧": {
        "start_Mean": 45.0,
        "start_SD": 8.233208019096462,
        "start_Median": 45.0,
        "start_25th": 40.0,
        "start_75th": 51.0,
        "end_Mean": 46.51724137931034,
        "end_SD": 9.941330356701952,
        "end_Median": 47.0,
        "end_25th": 38.0,
        "end_75th": 52.0,
        "U-statistic": -1.4401645996461914,
        "p-value": 0.16090942312368703,
        "Trend": "增大, 均值增大"
    },
    "乐观性": {
        "start_Mean": 14.96551724137931,
        "start_SD": 2.6790557854359496,
        "start_Median": 15.0,
        "start_25th": 13.0,
        "start_75th": 16.0,
        "end_Mean": 15.827586206896552,
        "end_SD": 2.8166465055000796,
        "end_Median": 15.0,
        "end_25th": 14.0,
        "end_75th": 18.0,
        "U-statistic": -2.5144093412290913,
        "p-value": 0.0179465487603854,
        "Trend": "(*)显著 维持, 均值增大"
    }
}