{
    "sumscore": {
        "start_Mean": 73.44827586206897,
        "start_SD": 6.587792860915188,
        "start_Median": 73.0,
        "start_25th": 68.0,
        "start_75th": 79.0,
        "end_Mean": 75.34482758620689,
        "end_SD": 6.9502099766274545,
        "end_Median": 75.0,
        "end_25th": 70.0,
        "end_75th": 80.0,
        "U-statistic": -1.8128740977187934,
        "p-value": 0.08058627551361865,
        "Trend": "(-)轻微显著 增大, 均值增大"
    },
    "自主性": {
        "start_Mean": 24.482758620689655,
        "start_SD": 3.07780870164812,
        "start_Median": 24.0,
        "start_25th": 22.0,
        "start_75th": 27.0,
        "end_Mean": 25.79310344827586,
        "end_SD": 3.6972896476900825,
        "end_Median": 26.0,
        "end_25th": 24.0,
        "end_75th": 28.0,
        "U-statistic": -2.024380087207504,
        "p-value": 0.052564878348412045,
        "Trend": "(-)轻微显著 增大, 均值增大"
    },
    "能力": {
        "start_Mean": 25.20689655172414,
        "start_SD": 2.7305063678062615,
        "start_Median": 25.0,
        "start_25th": 24.0,
        "start_75th": 26.0,
        "end_Mean": 25.896551724137932,
        "end_SD": 3.266112013500006,
        "end_Median": 26.0,
        "end_25th": 24.0,
        "end_75th": 28.0,
        "U-statistic": -1.440164599646191,
        "p-value": 0.16090942312368722,
        "Trend": "增大, 均值增大"
    },
    "关联性": {
        "start_Mean": 23.75862068965517,
        "start_SD": 2.558671145254241,
        "start_Median": 24.0,
        "start_25th": 22.0,
        "start_75th": 25.0,
        "end_Mean": 23.655172413793103,
        "end_SD": 1.7983298217466255,
        "end_Median": 24.0,
        "end_25th": 22.0,
        "end_75th": 25.0,
        "U-statistic": 0.21809428904214173,
        "p-value": 0.8289373473937409,
        "Trend": "维持"
    }
}